未激活：
	矩形角点：（左上逆时针）（-30，-503.94，-11.1）（-30，-173.94，-11.1）（30，-173.94，-11.1）（30，-503.94，-11.1）
	8条直线：
		(148.881923, -681.719598, 0.000000) -> (133.993730, -683.547639, 0.000000)
		(-18.280402, -551.118077, 0.000000) -> (-16.452361, -566.006270, 0.000000)
		(-148.881923, -718.280402, 0.000000) -> (-133.993730, -716.452361, 0.000000)
		(18.280402, -848.881923, 0.000000) -> (16.452361, -833.993730, 0.000000)
		(16.452361, -566.006270, 0.000000) -> (18.280402, -551.118077, 0.000000)
		(-133.993730, -683.547639, 0.000000) -> (-148.881923, -681.719598, 0.000000)
		(-16.452361, -833.993730, 0.000000) -> (-18.280402, -848.881923, 0.000000)
		(133.993730, -716.452361, 0.000000) -> (148.881923, -718.280402, 0.000000)
	圆心：（0，-700，0）
	大半径：150
	小半径：135
	大半径的角度范围（右逆时针）：（-7，7）（83，97）（173，187）（263，277）
	小半径的角度范围（右上逆时针）：（7，83）（97，173）（187，263）（277，353）

大符已激活：
	2条竖线：
		(30, -173.94, -11.1) -> (30, -332.54, -11.1)
		(-30, -173.94, -11.1) -> (-30, -332.54, -11.1)
	4条斜线：
		(57.809491, -173.94, -11.1) -> (173.039136, -332.54, -11.1)
		(68, -153.94, -11.1) -> (197.123166, -331.662791, -11.1)
		(-57.809491, -173.94, -11.1) -> (-173.039136, -332.54, -11.1)
		(-68, -153.94, -11.1) -> (-197.123166, -331.662791, -11.1)
	3条横线：
		(-68, -153.94, -11.1) -> (68, -153.94, -11.1)
		(30, -173.94, -11.1) -> (57.809491, -173.94, -11.1)
		(-30, -173.94, -11.1) -> (-57.809491, -173.94, -11.1)


小符已激活：
	6条竖线：
		(30, -173.94, -11.1) -> (30, -503.94, -11.1)
		(173.11865, -332.649442, -11.1) -> (163.332218, -513.350727, -11.1)
		(197.11865, -331.656575, -11.1) -> (186, -536.956564, -11.1)
		(-30, -173.94, -11.1) -> (-30, -503.94, -11.1)
		(-173.11865, -332.649442, -11.1) -> (-163.332218, -513.350727, -11.1)
		(-197.11865, -331.656575, -11.1) -> (-186, -536.956564, -11.1)
	6条横线：
		(-68, -153.94, -11.1) -> (68, -153.94, -11.1)
		(30, -173.94, -11.1) -> (57.809491, -173.94, -11.1)
		(-30, -173.94, -11.1) -> (-57.809491, -173.94, -11.1)
		(-30, -503.94, -11.1) -> (30, -503.94, -11.1)
		(143.110071, -527.87914, -11.1) -> (186, -536.956564, -11.1)
		(-143.110071, -527.87914, -11.1) -> (-186, -536.956564, -11.1)
	6条斜线：
		(57.809491, -173.94, -11.1) -> (173.039136, -332.54, -11.1)
		(68, -153.94, -11.1) -> (197.123166, -331.662791, -11.1)
		(-57.809491, -173.94, -11.1) -> (-173.039136, -332.54, -11.1)
		(-68, -153.94, -11.1) -> (-197.123166, -331.662791, -11.1)
		(163.332218, -513.350727, -11.1) -> (143.110071, -527.87914, -11.1)
		(-163.332218, -513.350727, -11.1) -> (-143.110071, -527.87914, -11.1)
	圆心：（0，-700，0）
	半径：154
	半径角度范围：（0，360）






